TEXAS                                                                           
K                   STRE   1    2.        1.
K                   STRE   2    3.        1.
K                   STRE   3    4.        2.
K                   STRE   4    5.        3.
K                   STRE   5    5.        4.
K                   STRE   6    6.        2.
K                   STRE   7    7.        3.
K          1.0000000BEND   8     3.        2.        1.
          -0.8090170BEND         1.        4.        2.
           0.3090170BEND         2.        5.        4.
           0.3090170BEND         4.        3.        5.
          -0.8090170BEND         5.        1.        3.
K          0.5877853BEND   9     1.        4.        2.
          -0.9510565BEND         2.        5.        4.
           0.9510565BEND         4.        3.        5.
          -0.5877853BEND         5.        1.        3.
K          1.0000000TORS  10     2.        4.        5.        3.
          -0.8090170TORS         4.        5.        3.        1.
           0.3090170TORS         5.        3.        1.        2.
           0.3090170TORS         3.        1.        2.        4.
          -0.8090170TORS         1.        2.        4.        5.
K          0.5877853TORS  11     4.        5.        3.        1.
          -0.9510565TORS         5.        3.        1.        2.
           0.9510565TORS         3.        1.        2.        4.
          -0.5877853TORS         1.        2.        4.        5.
K            1.     BEND  12     1.        6.        2.
            -1.     BEND         4.        6.        2.
K            1.     OUT   13     6.        1.        4.        2.
K            1.     BEND  14     1.        7.        3.
            -1.     BEND         5.        7.        3.
K            1.     OUT   15     7.        1.        5.        3.
  0.82E+01  0.82E+01  0.88E+01  0.88E+01  0.10E+02  0.55E+01  0.55E+01  0.15E+01
  0.15E+01  0.53E+00  0.53E+00  0.10E+01  0.10E+01  0.10E+01  0.10E+01
