Run semi-empirical minimization
 &qmmm
    qm_theory='AM1', grms_tol=0.0005,
 scfconv=1.d-10, ndiis_attempts=700,   qmcharge=-2,
 /
   7     N       42.8260       42.6010       39.9660 
   6    CA       42.3960       41.2100       39.7130 
   6     C       40.8780       40.8970       39.9940 
   8     O       40.1660       41.8240       40.4480 
   6    CB       43.2970       40.1780       40.4520 
   6    CG       44.6850       39.9680       39.8310 
   6    CD       44.7090       39.4250       38.3940 
   8   OE1       45.7610       39.6010       37.7490 
   8   OE2       43.7160       38.8090       37.9530 
   8   OXT       40.5120       39.7400       39.6780 
   1    H1       43.5500       42.8700       39.3110 
   1    H2       42.0580       43.2320       39.7760 
   1    HA       42.4770       41.0570       38.6380 
   1   HB3       42.8360       39.1950       40.5550 
   1   HB2       43.4490       40.5250       41.4720 
   1   HG3       45.2070       39.2410       40.4470 
   1   HG2       45.2590       40.8920       39.9010 

