INTGRL
                                                                        
 
s   3    2X   Y      0.10D-14
       8.0    1    3    1    1    1
O  1   0.000000000000000   0.000000000000000  -2.179568780000000       *
H   9   3
      11720.00000000         0.00071000        -0.00016000         0.00000000
       1759.00000000         0.00547000        -0.00126300         0.00000000
        400.80000000         0.02783700        -0.00626700         0.00000000
        113.70000000         0.10480000        -0.02571600         0.00000000
         37.03000000         0.28306200        -0.07092400         0.00000000
         13.27000000         0.44871900        -0.16541100         0.00000000
          5.02500000         0.27095200        -0.11695500         0.00000000
          1.01300000         0.01545800         0.55736800         0.00000000
          0.30230000        -0.00258500         0.57275900         1.00000000
H   4   2
         17.70000000         0.04301800         0.00000000
          3.85400000         0.22891300         0.00000000
          1.04600000         0.50872800         0.00000000
          0.27530000         0.46053100         1.00000000
H   1   1
          1.18500000         1.00000000
       6.0    2    3    1    1    1
C  1   0.000000000000000  -2.069150900000000  -0.667354590000000       *
C  2   0.000000000000000  -1.258593980000000   1.775983790000000       *
H   9   3
       6665.00000000         0.00069200        -0.00014600         0.00000000
       1000.00000000         0.00532900        -0.00115400         0.00000000
        228.00000000         0.02707700        -0.00572500         0.00000000
         64.71000000         0.10171800        -0.02331200         0.00000000
         21.06000000         0.27474000        -0.06395500         0.00000000
          7.49500000         0.44856400        -0.14998100         0.00000000
          2.79700000         0.28507400        -0.12726200         0.00000000
          0.52150000         0.01520400         0.54452900         0.00000000
          0.15960000        -0.00319100         0.58049600         1.00000000
H   4   2
          9.43900000         0.03810900         0.00000000
          2.00200000         0.20948000         0.00000000
          0.54560000         0.50855700         0.00000000
          0.15170000         0.46884200         1.00000000
H   1   1
          0.55000000         1.00000000
       1.0    1    2    1    1
H  1   0.000000000000000  -3.877714660000000  -1.584368010000000       *
H   4   2
         13.01000000         0.01968500         0.00000000
          1.96200000         0.13797700         0.00000000
          0.44460000         0.47814800         0.00000000
          0.12200000         0.50124000         1.00000000
H   1   1
          0.72700000         1.00000000
