 iter=  1| etot=  -227.38997832| mxforce= -0.000107 on c.  4| mxstep= -0.000042 for c.  8| dener= 0.0000000E+00
 old coordinate |      force    |no.|new coord. |displacement
      1.35619955      0.00005320   1  1.35620603  0.00000649
      1.35619955      0.00005320   2  1.35620603  0.00000649
      1.36224912     -0.00010691   3  1.36223697 -0.00001215
      1.36224912     -0.00010691   4  1.36223697 -0.00001215
      1.33203860     -0.00000352   5  1.33203825 -0.00000035
      1.07304522     -0.00000165   6  1.07304493 -0.00000030
      1.07304522     -0.00000165   7  1.07304493 -0.00000030
      0.00228860     -0.00006256   8  0.00224690 -0.00004170
      0.00000000     -0.00000000   9 -0.00000000 -0.00000000
      0.00000000      0.00000000  10  0.00000000  0.00000000
      0.00000000      0.00000000  11  0.00000000  0.00000000
     -0.22568869      0.00001564  12 -0.22567305  0.00001564
      0.00000000      0.00000000  13  0.00000000  0.00000000
     -0.22568869      0.00001564  14 -0.22567305  0.00001564
      0.00000000      0.00000000  15  0.00000000  0.00000000
